$ 3 0.000005 140.81048482046955 50 5 50 5e-11
w 2288 240 2240 240 0
f 2288 144 2352 144 33 1.5 0.02
f 2608 144 2544 144 33 1.5 0.02
f 2288 240 2352 240 32 1.5 0.02
f 2608 240 2544 240 32 1.5 0.02
t 2160 160 2192 160 0 1 0 0 100 default
t 2736 160 2704 160 0 1 0 0 100 default
r 2288 80 2288 144 0 10000
r 2160 160 2104 160 0 2200
r 2608 80 2608 144 0 10000
w 2352 128 2352 80 0
w 2352 80 2288 80 0
w 2352 80 2448 80 0
w 2352 160 2352 192 0
w 2352 192 2352 224 0
w 2544 160 2544 192 0
w 2544 192 2544 224 0
w 2544 128 2544 80 0
w 2448 80 2544 80 0
w 2608 80 2544 80 0
w 2288 144 2192 144 0
w 2448 80 2448 48 0
w 2352 304 2352 256 0
w 2544 304 2544 256 0
w 2352 304 2288 304 0
w 2608 312 2544 312 0
r 2288 240 2288 304 0 10000
r 2608 240 2608 304 0 10000
w 2400 192 2352 192 0
w 2544 192 2496 192 0
w 2656 240 2608 240 0
415 2400 192 2496 192 0 1 2 0.3 0.3 0.04 0.2 1 0
w 2704 144 2608 144 0
w 2352 304 2352 320 0
w 2352 320 2448 320 0
w 2448 320 2544 320 0
w 2544 320 2544 304 0
w 2544 320 2704 320 0
w 2704 176 2704 320 0
w 2192 320 2352 320 0
w 2192 320 2192 176 0
g 2448 320 2448 272 0 0
p 2400 192 2400 112 1 0 0
p 2400 256 2400 192 1 0 0
370 2368 48 2448 48 1 0 0
R 2368 48 2272 48 0 0 40 12 0 0 0.5
w 2792 352 2792 160 0
s 2528 704 2528 640 0 1 false
R 2368 744 2296 744 0 0 40 3.3 0 0 0.5
w 2104 336 2104 160 0
w 2512 384 2512 352 0
w 2240 352 2512 352 0
w 2384 384 2384 336 0
w 2512 352 2792 352 0
w 2656 336 2656 240 0
w 2384 336 2104 336 0
w 2384 336 2656 336 0
w 2240 352 2240 240 0
s 2368 704 2368 640 0 1 false
154 2384 576 2384 480 0 2 0 5
154 2512 576 2512 480 0 2 0 5
150 2336 480 2336 384 0 2 0 5
w 2368 576 2368 608 0
w 2368 608 2496 608 0
w 2496 608 2496 576 0
w 2400 576 2400 592 0
w 2400 592 2528 592 0
w 2528 592 2528 576 0
w 2368 640 2368 608 0
w 2528 592 2528 640 0
150 2560 480 2560 384 0 2 0 5
w 2352 480 2384 480 0
w 2512 480 2544 480 0
w 2368 608 2320 608 0
w 2320 608 2320 480 0
w 2528 592 2576 592 0
w 2576 592 2576 480 0
w 2560 384 2512 384 0
w 2336 384 2384 384 0
w 2368 704 2448 704 0
w 2528 704 2448 704 0
x 2234 682 2320 685 4 24 GPIO_0
x 2562 684 2648 687 4 24 GPIO_1
370 2368 744 2448 744 1 0 0
w 2448 744 2448 704 0
p 2448 744 2528 744 1 0 0
p 2448 48 2528 48 1 0 0
r 2792 160 2736 160 0 2200
o 31 64 0 x12d70b 0.01953125 0.00009765625 0 2 31 3
