$ 1 0.000005 49.687244006919805 50 5 50 5e-11
f 352 144 416 144 33 1.5 0.02
f 672 144 608 144 33 1.5 0.02
f 352 304 416 304 32 1.5 0.02
f 672 304 608 304 32 1.5 0.02
t 208 160 256 160 0 1 0 0 100 default
t 816 160 768 160 0 1 0 0 100 default
r 352 80 352 144 0 10000
r 176 160 112 160 0 2200
r 912 160 848 160 0 2200
r 672 80 672 144 0 10000
w 416 128 416 32 0
w 416 32 352 32 0
w 352 32 352 80 0
w 416 32 512 32 0
w 416 160 416 224 0
w 416 224 416 288 0
w 608 160 608 224 0
w 608 224 608 288 0
w 608 128 608 32 0
w 512 32 608 32 0
w 672 32 608 32 0
w 672 32 672 80 0
w 352 144 256 144 0
w 512 32 512 0 0
w 416 416 416 320 0
w 608 416 608 320 0
w 416 416 352 416 0
w 672 416 608 416 0
r 352 304 352 368 0 10000
r 672 304 672 368 0 10000
w 352 368 352 416 0
w 672 368 672 416 0
w 464 224 416 224 0
w 608 224 560 224 0
w 528 528 912 528 0
w 912 528 912 160 0
w 112 528 112 160 0
w 352 304 352 144 0
w 176 160 208 160 0
w 816 160 848 160 0
415 464 224 560 224 0 0.5 1 0.15 0.15 0.02 0.05 1 0
w 768 144 672 144 0
w 672 304 672 144 0
w 112 528 496 528 0
w 416 416 416 464 0
w 416 464 512 464 0
w 512 464 608 464 0
w 608 464 608 416 0
w 608 464 768 464 0
w 768 176 768 464 0
w 256 464 416 464 0
w 256 464 256 176 0
R 512 672 512 720 0 0 40 3.3 0 0 0.5
g 512 464 512 416 0 0
S 512 608 512 528 0 0 false 0 2
s 512 672 512 608 0 0 false
s 1456 672 1456 608 0 1 false
S 1456 608 1456 528 0 0 false 0 2
g 1456 464 1456 416 0 0
R 1456 672 1456 720 0 0 40 3.3 0 0 0.5
w 1200 464 1200 176 0
w 1200 464 1360 464 0
w 1712 176 1712 464 0
w 1552 464 1712 464 0
w 1552 464 1552 416 0
w 1456 464 1552 464 0
w 1360 464 1456 464 0
w 1360 416 1360 464 0
w 1056 528 1440 528 0
w 1440 528 1440 496 0
w 1712 144 1616 144 0
415 1408 224 1504 224 0 0.5 1 0.15 0.15 0.02 0.05 1 0
w 1760 160 1792 160 0
w 1120 160 1152 160 0
w 1472 528 1472 480 0
w 1056 528 1056 160 0
w 1856 528 1856 160 0
w 1472 528 1856 528 0
R 1376 0 1280 0 0 0 40 12 0 0 0.5
w 1552 224 1504 224 0
w 1408 224 1360 224 0
w 1616 368 1616 416 0
w 1296 368 1296 416 0
r 1616 304 1616 368 0 10000
r 1296 304 1296 368 0 10000
w 1616 416 1552 416 0
w 1360 416 1296 416 0
w 1552 416 1552 320 0
w 1360 416 1360 320 0
w 1456 32 1456 0 0
w 1296 144 1200 144 0
w 1616 32 1616 80 0
w 1616 32 1552 32 0
w 1456 32 1552 32 0
w 1552 128 1552 32 0
w 1552 224 1552 288 0
w 1552 160 1552 224 0
w 1360 224 1360 288 0
w 1360 160 1360 224 0
w 1360 32 1456 32 0
w 1296 32 1296 80 0
w 1360 32 1296 32 0
w 1360 128 1360 32 0
r 1616 80 1616 144 0 10000
r 1856 160 1792 160 0 2200
r 1120 160 1056 160 0 2200
r 1296 80 1296 144 0 10000
t 1760 160 1712 160 0 1 0 0 100 default
t 1152 160 1200 160 0 1 0 0 100 default
f 1616 304 1552 304 32 1.5 0.02
f 1296 304 1360 304 32 1.5 0.02
f 1616 144 1552 144 33 1.5 0.02
f 1296 144 1360 144 33 1.5 0.02
w 1472 480 1264 480 0
w 1264 480 1264 304 0
w 1264 304 1296 304 0
w 1440 496 1664 496 0
w 1664 496 1664 304 0
w 1664 304 1616 304 0
p 1408 224 1408 128 1 0 0
p 464 224 464 128 1 0 0
370 1376 0 1456 0 1 0 0
p 1504 224 1504 128 1 0 0
p 560 224 560 128 1 0 0
p 1456 -80 1456 0 1 0 0
p 512 -80 512 0 1 0 0
370 432 0 512 0 1 0 0
R 432 0 336 0 0 0 40 12 0 0 0.5
R -512 0 -608 0 0 0 40 12 0 0 0.5
370 -512 0 -432 0 1 0 0
p -432 -80 -432 0 1 0 0
p -384 224 -384 128 1 0 0
p -480 224 -480 128 1 0 0
s -800 224 -800 160 0 1 false
g -432 464 -432 416 0 0
R -800 224 -864 224 0 0 40 3.3 0 0 0.5
w -688 464 -688 176 0
w -688 464 -528 464 0
w -176 176 -176 464 0
w -336 464 -176 464 0
w -336 464 -336 416 0
w -432 464 -336 464 0
w -528 464 -432 464 0
w -528 416 -528 464 0
w -272 304 -272 144 0
w -176 144 -272 144 0
415 -480 224 -384 224 0 0.5 1 0.15 0.15 0.02 0.05 1 0
w -592 304 -592 144 0
w -64 304 -272 304 0
w -336 224 -384 224 0
w -480 224 -528 224 0
w -272 368 -272 416 0
w -592 368 -592 416 0
r -272 304 -272 368 0 10000
r -592 304 -592 368 0 10000
w -272 416 -336 416 0
w -528 416 -592 416 0
w -336 416 -336 320 0
w -528 416 -528 320 0
w -432 32 -432 0 0
w -592 144 -688 144 0
w -272 32 -272 80 0
w -272 32 -336 32 0
w -432 32 -336 32 0
w -336 128 -336 32 0
w -336 224 -336 288 0
w -336 160 -336 224 0
w -528 224 -528 288 0
w -528 160 -528 224 0
w -528 32 -432 32 0
w -592 32 -592 80 0
w -528 32 -592 32 0
w -528 128 -528 32 0
r -272 80 -272 144 0 10000
r -64 160 -128 160 0 2200
r -736 160 -800 160 0 2200
r -592 80 -592 144 0 10000
t -128 160 -176 160 0 1 0 0 100 default
t -736 160 -688 160 0 1 0 0 100 default
f -272 304 -336 304 32 1.5 0.02
f -592 304 -528 304 32 1.5 0.02
f -272 144 -336 144 33 1.5 0.02
f -592 144 -528 144 33 1.5 0.02
s -64 224 -64 160 0 1 false
s -64 368 -64 304 0 1 false
w -592 304 -800 304 0
s -800 368 -800 304 0 1 false
R -800 368 -864 368 0 0 40 3.3 0 0 0.5
R -64 224 16 224 0 0 40 3.3 0 0 0.5
o 146 128 0 169739 0.0000762939453125 0.00009765625 0 2 146 3
o 40 128 0 169739 5 0.1 1 2 40 3
o 71 128 0 169739 0.0000762939453125 0.00009765625 2 2 71 3
